0 0
0.01 0.0552521
0.02 0.102444
0.03 0.14294
0.04 0.177895
0.05 0.20829
0.06 0.234943
0.07 0.258542
0.08 0.279656
0.09 0.298756
0.1 0.316228
0.11 0.332384
0.12 0.347479
0.13 0.361716
0.14 0.375254
0.15 0.388221
0.16 0.400714
0.17 0.41281
0.18 0.424565
0.19 0.436022
0.2 0.447213
0.21 0.458163
0.22 0.468888
0.23 0.479402
0.24 0.489713
0.25 0.499831
0.26 0.509761
0.27 0.51951
0.28 0.529082
0.29 0.538485
0.3 0.547723
0.31 0.556802
0.32 0.56573
0.33 0.574512
0.34 0.583155
0.35 0.591665
0.36 0.60005
0.37 0.608316
0.38 0.616468
0.39 0.624513
0.4 0.632455
0.41 0.640301
0.42 0.648053
0.43 0.655716
0.44 0.663294
0.45 0.670789
0.46 0.678204
0.47 0.685542
0.48 0.692804
0.49 0.699991
0.5 0.707107
0.51 0.714151
0.52 0.721126
0.53 0.728032
0.54 0.734871
0.55 0.741646
0.56 0.748356
0.57 0.755004
0.58 0.761593
0.59 0.768123
0.6 0.774596
0.61 0.781016
0.62 0.787384
0.63 0.793701
0.64 0.799971
0.65 0.806194
0.66 0.812372
0.67 0.818507
0.68 0.8246
0.69 0.83065
0.7 0.83666
0.71 0.842628
0.72 0.848555
0.73 0.854441
0.74 0.860284
0.75 0.866084
0.76 0.871841
0.77 0.877553
0.78 0.883221
0.79 0.888846
0.8 0.894427
0.81 0.899967
0.82 0.905467
0.83 0.910933
0.839999 0.916367
0.849999 0.921777
0.859999 0.927167
0.869999 0.932546
0.879999 0.937921
0.889999 0.943297
0.899999 0.948683
0.909999 0.95408
0.919999 0.959489
0.929999 0.964904
0.939999 0.970312
0.949999 0.975687
0.959999 0.980992
0.969999 0.986169
0.979999 0.991143
0.989999 0.995799
0.999999 1
