0 0
0.01 0.00999983
0.02 0.0199987
0.03 0.0299955
0.04 0.0399893
0.05 0.0499792
0.06 0.059964
0.07 0.0699428
0.08 0.0799147
0.09 0.0898785
0.1 0.0998334
0.11 0.109778
0.12 0.119712
0.13 0.129634
0.14 0.139543
0.15 0.149438
0.16 0.159318
0.17 0.169182
0.18 0.17903
0.19 0.188859
0.2 0.198669
0.21 0.20846
0.22 0.21823
0.23 0.227978
0.24 0.237703
0.25 0.247404
0.26 0.257081
0.27 0.266731
0.28 0.276356
0.29 0.285952
0.3 0.29552
0.31 0.305059
0.32 0.314567
0.33 0.324043
0.34 0.333487
0.35 0.342898
0.36 0.352274
0.37 0.361615
0.38 0.37092
0.39 0.380188
0.4 0.389418
0.41 0.398609
0.42 0.40776
0.43 0.416871
0.44 0.425939
0.45 0.434965
0.46 0.443948
0.47 0.452886
0.48 0.461779
0.49 0.470626
0.5 0.479425
0.51 0.488177
0.52 0.49688
0.53 0.505533
0.54 0.514136
0.55 0.522687
0.56 0.531186
0.57 0.539632
0.58 0.548024
0.59 0.556361
0.6 0.564642
0.61 0.572867
0.62 0.581035
0.63 0.589145
0.64 0.597195
0.65 0.605186
0.66 0.613117
0.67 0.620986
0.68 0.628793
0.69 0.636537
0.7 0.644217
0.71 0.651833
0.72 0.659384
0.73 0.666869
0.74 0.674288
0.75 0.681638
0.76 0.688921
0.77 0.696135
0.78 0.703279
0.79 0.710353
0.8 0.717356
0.81 0.724287
0.82 0.731146
0.83 0.737931
0.839999 0.744643
0.849999 0.75128
0.859999 0.757842
0.869999 0.764329
0.879999 0.770739
0.889999 0.777071
0.899999 0.783327
0.909999 0.789503
0.919999 0.795601
0.929999 0.80162
0.939999 0.807558
0.949999 0.813415
0.959999 0.819191
0.969999 0.824885
0.979999 0.830497
0.989999 0.836026
0.999999 0.841471
1.01 0.846832
1.02 0.852108
1.03 0.857299
1.04 0.862404
1.05 0.867423
1.06 0.872355
1.07 0.8772
1.08 0.881957
1.09 0.886627
1.1 0.891207
1.11 0.895698
1.12 0.9001
1.13 0.904412
1.14 0.908633
1.15 0.912764
1.16 0.916803
1.17 0.92075
1.18 0.924606
1.19 0.928369
1.2 0.932039
1.21 0.935616
1.22 0.939099
1.23 0.942489
1.24 0.945784
1.25 0.948984
1.26 0.95209
1.27 0.955101
1.28 0.958016
1.29 0.960835
1.3 0.963558
1.31 0.966185
1.32 0.968715
1.33 0.971148
1.34 0.973484
1.35 0.975723
1.36 0.977864
1.37 0.979908
1.38 0.981853
1.39 0.983701
1.4 0.98545
1.41 0.9871
1.42 0.988652
1.43 0.990104
1.44 0.991458
1.45 0.992713
1.46 0.993868
1.47 0.994924
1.48 0.995881
1.49 0.996738
1.5 0.997495
1.51 0.998152
1.52 0.99871
1.53 0.999168
1.54 0.999526
1.55 0.999784
1.56 0.999942
1.57 1
1.58 0.999958
1.59 0.999816
1.6 0.999574
1.61 0.999232
1.62 0.99879
1.63 0.998248
1.64 0.997606
1.65 0.996865
1.66 0.996024
1.67 0.995083
1.68 0.994043
1.69 0.992904
1.7 0.991665
1.71 0.990327
1.72 0.98889
1.73 0.987354
1.74 0.985719
1.75 0.983986
1.76 0.982155
1.77 0.980225
1.78 0.978197
1.79 0.976071
1.8 0.973848
1.81 0.971527
1.82 0.969109
1.83 0.966595
1.84 0.963983
1.85 0.961276
1.86 0.958472
1.87 0.955572
1.88 0.952577
1.89 0.949486
1.9 0.946301
1.91 0.94302
1.92 0.939646
1.93 0.936178
1.94 0.932616
1.95 0.92896
1.96 0.925212
1.97 0.921371
1.98 0.917439
1.99 0.913414
2 0.909298
