-5 0.0384615
-4.99 0.192211
-4.98 0.337577
-4.97 0.474833
-4.96 0.604248
-4.95 0.726085
-4.94 0.840598
-4.93 0.94804
-4.92 1.04865
-4.91 1.14267
-4.9 1.23034
-4.89 1.31187
-4.88 1.38749
-4.87 1.45741
-4.86 1.52185
-4.85 1.58101
-4.84 1.63508
-4.83 1.68427
-4.82 1.72877
-4.81 1.76875
-4.8 1.8044
-4.79 1.83589
-4.77999 1.8634
-4.76999 1.88709
-4.75999 1.90711
-4.74999 1.92364
-4.73999 1.93682
-4.72999 1.94679
-4.71999 1.95372
-4.70999 1.95772
-4.69999 1.95895
-4.68999 1.95754
-4.67999 1.9536
-4.66999 1.94728
-4.65999 1.93868
-4.64999 1.92794
-4.63999 1.91516
-4.62999 1.90045
-4.61999 1.88392
-4.60999 1.86568
-4.59999 1.84583
-4.58999 1.82446
-4.57999 1.80167
-4.56999 1.77755
-4.55999 1.7522
-4.54999 1.72569
-4.53999 1.69811
-4.52999 1.66955
-4.51999 1.64008
-4.50999 1.60976
-4.49999 1.57869
-4.48999 1.54692
-4.47999 1.51452
-4.46999 1.48156
-4.45999 1.44811
-4.44999 1.41422
-4.43999 1.37995
-4.42999 1.34536
-4.41999 1.31049
-4.40999 1.27541
-4.39999 1.24016
-4.38999 1.2048
-4.37999 1.16935
-4.36999 1.13388
-4.35999 1.09842
-4.34999 1.06301
-4.33998 1.02769
-4.32998 0.992499
-4.31998 0.957469
-4.30998 0.922634
-4.29998 0.888026
-4.28998 0.853676
-4.27998 0.819612
-4.26998 0.785861
-4.25998 0.75245
-4.24998 0.719403
-4.23998 0.686742
-4.22998 0.654491
-4.21998 0.622669
-4.20998 0.591295
-4.19998 0.560389
-4.18998 0.529965
-4.17998 0.500041
-4.16998 0.470631
-4.15998 0.441748
-4.14998 0.413406
-4.13998 0.385615
-4.12998 0.358387
-4.11998 0.33173
-4.10998 0.305654
-4.09998 0.280166
-4.08998 0.255273
-4.07998 0.230982
-4.06998 0.207297
-4.05998 0.184224
-4.04998 0.161765
-4.03998 0.139924
-4.02998 0.118704
-4.01998 0.0981063
-4.00998 0.0781314
-3.99998 0.0587804
-3.98998 0.0400527
-3.97998 0.0219474
-3.96998 0.00446326
-3.95998 -0.0124016
-3.94998 -0.0286496
-3.93998 -0.0442836
-3.92998 -0.059307
-3.91998 -0.0737234
-3.90998 -0.0875374
-3.89998 -0.100753
-3.88998 -0.113376
-3.87998 -0.125412
-3.86998 -0.136866
-3.85998 -0.147745
-3.84998 -0.158054
-3.83998 -0.167802
-3.82998 -0.176993
-3.81998 -0.185638
-3.80998 -0.193741
-3.79998 -0.201313
-3.78998 -0.20836
-3.77998 -0.214891
-3.76998 -0.220914
-3.75998 -0.226438
-3.74998 -0.231472
-3.73998 -0.236026
-3.72998 -0.240107
-3.71998 -0.243726
-3.70998 -0.246892
-3.69998 -0.249614
-3.68998 -0.251902
-3.67998 -0.253766
-3.66998 -0.255216
-3.65998 -0.256261
-3.64998 -0.256911
-3.63998 -0.257178
-3.62998 -0.25707
-3.61998 -0.256597
-3.60998 -0.255771
-3.59998 -0.2546
-3.58998 -0.253095
-3.57998 -0.251266
-3.56998 -0.249124
-3.55998 -0.246677
-3.54998 -0.243938
-3.53998 -0.240915
-3.52998 -0.237619
-3.51998 -0.234058
-3.50998 -0.230245
-3.49998 -0.226187
-3.48998 -0.221896
-3.47998 -0.21738
-3.46998 -0.21265
-3.45998 -0.207715
-3.44998 -0.202583
-3.43998 -0.197267
-3.42998 -0.191773
-3.41998 -0.186111
-3.40998 -0.180292
-3.39998 -0.174322
-3.38998 -0.168212
-3.37998 -0.16197
-3.36998 -0.155605
-3.35998 -0.149125
-3.34998 -0.142539
-3.33998 -0.135855
-3.32998 -0.129081
-3.31998 -0.122225
-3.30998 -0.115296
-3.29998 -0.1083
-3.28998 -0.101245
-3.27998 -0.0941396
-3.26998 -0.08699
-3.25998 -0.0798041
-3.24998 -0.0725883
-3.23998 -0.0653499
-3.22998 -0.0580954
-3.21998 -0.0508315
-3.20998 -0.0435647
-3.19998 -0.036301
-3.18998 -0.0290466
-3.17998 -0.0218077
-3.16998 -0.0145899
-3.15998 -0.00739884
-3.14998 -0.000240083
-3.13998 0.00688109
-3.12998 0.0139594
-3.11998 0.02099
-3.10998 0.0279678
-3.09998 0.0348883
-3.08998 0.0417469
-3.07998 0.0485391
-3.06998 0.0552608
-3.05998 0.0619078
-3.04998 0.0684763
-3.03998 0.0749623
-3.02998 0.0813625
-3.01998 0.0876732
-3.00998 0.0938911
-2.99998 0.100013
-2.98998 0.106036
-2.97998 0.111958
-2.96998 0.117775
-2.95998 0.123484
-2.94998 0.129085
-2.93998 0.134573
-2.92998 0.139948
-2.91998 0.145207
-2.90998 0.150348
-2.89998 0.155369
-2.88998 0.16027
-2.87998 0.165048
-2.86998 0.169702
-2.85998 0.174232
-2.84998 0.178635
-2.83998 0.182911
-2.82998 0.18706
-2.81998 0.191081
-2.80998 0.194972
-2.79998 0.198734
-2.78998 0.202367
-2.77998 0.205869
-2.76998 0.209242
-2.75998 0.212485
-2.74998 0.215598
-2.73998 0.218582
-2.72998 0.221437
-2.71998 0.224163
-2.70998 0.226761
-2.69998 0.229233
-2.68998 0.231577
-2.67998 0.233796
-2.66998 0.23589
-2.65998 0.23786
-2.64998 0.239708
-2.63998 0.241434
-2.62998 0.243041
-2.61998 0.244529
-2.60998 0.2459
-2.59998 0.247156
-2.58998 0.248298
-2.57998 0.249328
-2.56998 0.250247
-2.55998 0.251058
-2.54998 0.251762
-2.53998 0.252362
-2.52998 0.252859
-2.51998 0.253255
-2.50998 0.253553
-2.49998 0.253756
-2.48998 0.253864
-2.47998 0.253881
-2.46998 0.253809
-2.45998 0.253651
-2.44998 0.253408
-2.43998 0.253083
-2.42998 0.252679
-2.41998 0.252199
-2.40998 0.251645
-2.39998 0.251019
-2.38998 0.250325
-2.37998 0.249565
-2.36998 0.248742
-2.35998 0.247858
-2.34998 0.246917
-2.33998 0.245921
-2.32998 0.244873
-2.31998 0.243777
-2.30998 0.242633
-2.29998 0.241447
-2.28998 0.24022
-2.27998 0.238955
-2.26998 0.237656
-2.25998 0.236325
-2.24998 0.234966
-2.23998 0.23358
-2.22998 0.232171
-2.21998 0.230743
-2.20998 0.229297
-2.19998 0.227837
-2.18998 0.226365
-2.17998 0.224885
-2.16998 0.223399
-2.15998 0.221911
-2.14998 0.220423
-2.13998 0.218938
-2.12998 0.217458
-2.11998 0.215988
-2.10998 0.214528
-2.09998 0.213083
-2.08998 0.211654
-2.07998 0.210246
-2.06998 0.208859
-2.05998 0.207497
-2.04998 0.206164
-2.03998 0.20486
-2.02998 0.203589
-2.01998 0.202353
-2.00998 0.201155
-1.99998 0.199998
-1.98998 0.198883
-1.97998 0.197813
-1.96998 0.196791
-1.95998 0.195819
-1.94998 0.194899
-1.93998 0.194033
-1.92998 0.193224
-1.91998 0.192474
-1.90998 0.191784
-1.89998 0.191158
-1.88998 0.190596
-1.87998 0.190102
-1.86998 0.189676
-1.85998 0.189321
-1.84998 0.189039
-1.83998 0.188831
-1.82998 0.1887
-1.81998 0.188646
-1.80998 0.188672
-1.79998 0.188779
-1.78998 0.188968
-1.77998 0.189242
-1.76998 0.189601
-1.75998 0.190047
-1.74998 0.190582
-1.73998 0.191206
-1.72998 0.19192
-1.71998 0.192727
-1.70998 0.193626
-1.69998 0.19462
-1.68998 0.195709
-1.67998 0.196893
-1.66998 0.198175
-1.65998 0.199554
-1.64998 0.201031
-1.63998 0.202608
-1.62998 0.204285
-1.61998 0.206062
-1.60998 0.207939
-1.59998 0.209919
-1.58998 0.212
-1.57998 0.214183
-1.56998 0.216469
-1.55998 0.218857
-1.54998 0.221349
-1.53998 0.223943
-1.52998 0.226641
-1.51998 0.229442
-1.50998 0.232346
-1.49998 0.235353
-1.48998 0.238463
-1.47998 0.241675
-1.46998 0.244991
-1.45998 0.248408
-1.44998 0.251927
-1.43998 0.255547
-1.42998 0.259269
-1.41998 0.26309
-1.40998 0.267012
-1.39998 0.271032
-1.38998 0.275151
-1.37998 0.279368
-1.36998 0.283682
-1.35998 0.288092
-1.34998 0.292597
-1.33998 0.297196
-1.32998 0.301888
-1.31998 0.306673
-1.30998 0.311549
-1.29998 0.316515
-1.28998 0.32157
-1.27998 0.326712
-1.26998 0.331941
-1.25998 0.337255
-1.24998 0.342652
-1.23998 0.348132
-1.22998 0.353693
-1.21998 0.359333
-1.20998 0.36505
-1.19998 0.370844
-1.18998 0.376713
-1.17998 0.382655
-1.16998 0.388668
-1.15998 0.394751
-1.14998 0.400901
-1.13998 0.407118
-1.12998 0.413399
-1.11998 0.419743
-1.10998 0.426146
-1.09998 0.432609
-1.08998 0.439128
-1.07998 0.445702
-1.06998 0.452328
-1.05998 0.459005
-1.04998 0.465731
-1.03998 0.472503
-1.02998 0.47932
-1.01998 0.486179
-1.00998 0.493077
-0.99998 0.500014
-0.98998 0.506986
-0.97998 0.513992
-0.96998 0.521029
-0.95998 0.528094
-0.94998 0.535187
-0.93998 0.542304
-0.92998 0.549443
-0.91998 0.556601
-0.90998 0.563777
-0.89998 0.570968
-0.88998 0.578171
-0.87998 0.585385
-0.86998 0.592607
-0.85998 0.599834
-0.84998 0.607064
-0.83998 0.614295
-0.82998 0.621524
-0.81998 0.628749
-0.80998 0.635967
-0.79998 0.643177
-0.78998 0.650375
-0.77998 0.657559
-0.76998 0.664726
-0.75998 0.671875
-0.74998 0.679003
-0.73998 0.686108
-0.72998 0.693186
-0.71998 0.700236
-0.70998 0.707256
-0.69998 0.714242
-0.689981 0.721192
-0.679981 0.728105
-0.669981 0.734978
-0.659981 0.741807
-0.649981 0.748592
-0.639981 0.755329
-0.629981 0.762017
-0.619981 0.768653
-0.609981 0.775235
-0.599981 0.78176
-0.589981 0.788226
-0.579981 0.794631
-0.569981 0.800974
-0.559981 0.80725
-0.549981 0.81346
-0.539981 0.8196
-0.529981 0.825667
-0.519981 0.831661
-0.509981 0.837579
-0.499981 0.843419
-0.489981 0.849178
-0.479981 0.854856
-0.469981 0.860449
-0.459981 0.865957
-0.449981 0.871376
-0.439981 0.876706
-0.429981 0.881944
-0.419981 0.887088
-0.409981 0.892138
-0.399981 0.89709
-0.389981 0.901943
-0.379981 0.906696
-0.369981 0.911347
-0.359981 0.915893
-0.349981 0.920335
-0.339981 0.92467
-0.329981 0.928896
-0.319981 0.933012
-0.309981 0.937017
-0.299981 0.94091
-0.289981 0.944688
-0.279981 0.94835
-0.269981 0.951896
-0.259981 0.955324
-0.249981 0.958633
-0.239981 0.961822
-0.229981 0.964889
-0.219981 0.967833
-0.209981 0.970654
-0.199981 0.973351
-0.189981 0.975922
-0.179981 0.978367
-0.169981 0.980684
-0.159981 0.982873
-0.149981 0.984934
-0.139981 0.986865
-0.129981 0.988666
-0.119981 0.990335
-0.109981 0.991874
-0.0999809 0.99328
-0.0899809 0.994554
-0.0799809 0.995695
-0.0699809 0.996703
-0.0599809 0.997577
-0.0499809 0.998317
-0.0399809 0.998923
-0.0299809 0.999394
-0.0199809 0.999731
-0.00998086 0.999933
1.91445e-05 1
0.0100191 0.999932
0.0200191 0.99973
0.0300191 0.999392
0.0400191 0.998921
0.0500191 0.998314
0.0600191 0.997574
0.0700191 0.996699
0.0800191 0.995691
0.0900191 0.99455
0.100019 0.993275
0.110019 0.991868
0.120019 0.990329
0.130019 0.988659
0.140019 0.986858
0.150019 0.984926
0.160019 0.982865
0.170019 0.980675
0.180019 0.978357
0.190019 0.975912
0.200019 0.973341
0.210019 0.970644
0.220019 0.967822
0.230019 0.964877
0.240019 0.96181
0.250019 0.958621
0.260019 0.955312
0.270019 0.951883
0.280019 0.948337
0.290019 0.944674
0.300019 0.940895
0.310019 0.937002
0.320019 0.932997
0.330019 0.92888
0.340019 0.924654
0.350019 0.920318
0.360019 0.915877
0.370019 0.911329
0.380019 0.906678
0.390019 0.901925
0.400019 0.897071
0.410019 0.892119
0.420019 0.887069
0.430019 0.881924
0.440019 0.876686
0.450019 0.871356
0.460019 0.865936
0.470019 0.860428
0.480019 0.854834
0.490019 0.849156
0.500019 0.843397
0.510019 0.837556
0.520019 0.831638
0.530019 0.825644
0.540019 0.819576
0.550019 0.813436
0.560019 0.807227
0.570019 0.800949
0.580019 0.794607
0.590019 0.788202
0.600019 0.781735
0.610019 0.77521
0.620019 0.768628
0.630019 0.761992
0.640019 0.755304
0.650019 0.748566
0.660019 0.741781
0.670019 0.734951
0.680019 0.728079
0.690019 0.721166
0.700019 0.714215
0.710019 0.707229
0.720019 0.70021
0.730019 0.693159
0.740019 0.686081
0.750019 0.678976
0.760019 0.671848
0.770019 0.664699
0.780019 0.657531
0.790019 0.650347
0.800019 0.643149
0.810019 0.63594
0.820019 0.628721
0.830019 0.621496
0.840019 0.614267
0.850019 0.607036
0.860019 0.599806
0.870019 0.592579
0.880019 0.585357
0.890019 0.578144
0.900019 0.57094
0.910019 0.563749
0.920019 0.556574
0.930019 0.549415
0.940019 0.542276
0.950019 0.53516
0.960019 0.528067
0.970019 0.521002
0.980018 0.513965
0.990018 0.506959
1.00002 0.499987
1.01002 0.493051
1.02002 0.486152
1.03002 0.479293
1.04002 0.472477
1.05002 0.465705
1.06002 0.45898
1.07002 0.452303
1.08002 0.445677
1.09002 0.439103
1.10002 0.432584
1.11002 0.426122
1.12002 0.419718
1.13002 0.413375
1.14002 0.407094
1.15002 0.400878
1.16002 0.394727
1.17002 0.388645
1.18002 0.382632
1.19002 0.37669
1.20002 0.370822
1.21002 0.365028
1.22002 0.359311
1.23002 0.353671
1.24002 0.348111
1.25002 0.342631
1.26002 0.337234
1.27002 0.331921
1.28002 0.326692
1.29002 0.32155
1.30002 0.316496
1.31002 0.31153
1.32002 0.306654
1.33002 0.30187
1.34002 0.297178
1.35002 0.292579
1.36002 0.288074
1.37002 0.283665
1.38002 0.279352
1.39002 0.275135
1.40002 0.271017
1.41002 0.266997
1.42002 0.263075
1.43002 0.259254
1.44002 0.255533
1.45002 0.251913
1.46002 0.248395
1.47002 0.244978
1.48002 0.241663
1.49002 0.238451
1.50002 0.235341
1.51002 0.232334
1.52002 0.229431
1.53002 0.22663
1.54002 0.223933
1.55002 0.221339
1.56002 0.218848
1.57002 0.21646
1.58002 0.214174
1.59002 0.211992
1.60002 0.209911
1.61002 0.207932
1.62002 0.206055
1.63002 0.204278
1.64002 0.202602
1.65002 0.201026
1.66002 0.199548
1.67002 0.19817
1.68002 0.196888
1.69002 0.195704
1.70002 0.194616
1.71002 0.193623
1.72002 0.192723
1.73002 0.191917
1.74002 0.191203
1.75002 0.190579
1.76002 0.190045
1.77002 0.189599
1.78002 0.189241
1.79002 0.188967
1.80002 0.188778
1.81002 0.188672
1.82002 0.188646
1.83002 0.1887
1.84002 0.188832
1.85002 0.18904
1.86002 0.189322
1.87002 0.189677
1.88002 0.190103
1.89002 0.190598
1.90002 0.19116
1.91002 0.191787
1.92002 0.192476
1.93002 0.193227
1.94002 0.194036
1.95002 0.194902
1.96002 0.195823
1.97002 0.196795
1.98002 0.197817
1.99002 0.198887
2.00002 0.200002
2.01002 0.20116
2.02002 0.202358
2.03002 0.203594
2.04002 0.204865
2.05002 0.206168
2.06002 0.207503
2.07002 0.208864
2.08002 0.210251
2.09002 0.21166
2.10002 0.213088
2.11002 0.214534
2.12002 0.215993
2.13002 0.217464
2.14002 0.218943
2.15002 0.220429
2.16002 0.221917
2.17002 0.223405
2.18002 0.224891
2.19002 0.226371
2.20002 0.227842
2.21002 0.229302
2.22002 0.230748
2.23002 0.232177
2.24002 0.233585
2.25002 0.234971
2.26002 0.236331
2.27002 0.237661
2.28002 0.23896
2.29002 0.240225
2.30002 0.241452
2.31002 0.242638
2.32002 0.243781
2.33002 0.244878
2.34002 0.245925
2.35002 0.246921
2.36002 0.247862
2.37002 0.248745
2.38002 0.249568
2.39002 0.250328
2.40002 0.251022
2.41002 0.251647
2.42002 0.252201
2.43002 0.252681
2.44002 0.253084
2.45002 0.253409
2.46002 0.253651
2.47002 0.25381
2.48002 0.253881
2.49002 0.253864
2.50002 0.253755
2.51002 0.253552
2.52002 0.253254
2.53002 0.252857
2.54002 0.252359
2.55002 0.251759
2.56002 0.251055
2.57002 0.250244
2.58002 0.249324
2.59002 0.248294
2.60002 0.247152
2.61002 0.245895
2.62002 0.244524
2.63002 0.243035
2.64002 0.241428
2.65002 0.239701
2.66002 0.237853
2.67002 0.235882
2.68002 0.233787
2.69002 0.231568
2.70002 0.229223
2.71002 0.226752
2.72002 0.224153
2.73002 0.221426
2.74002 0.218571
2.75002 0.215587
2.76002 0.212473
2.77002 0.209229
2.78002 0.205856
2.79002 0.202353
2.80002 0.19872
2.81002 0.194957
2.82002 0.191065
2.83002 0.187045
2.84002 0.182895
2.85002 0.178618
2.86002 0.174214
2.87002 0.169685
2.88002 0.16503
2.89002 0.160251
2.90002 0.15535
2.91002 0.150328
2.92002 0.145187
2.93002 0.139927
2.94002 0.134552
2.95002 0.129063
2.96002 0.123463
2.97002 0.117752
2.98002 0.111935
2.99002 0.106013
3.00002 0.0999899
3.01002 0.0938674
3.02002 0.0876491
3.03002 0.0813381
3.04002 0.0749376
3.05002 0.0684512
3.06002 0.0618824
3.07002 0.0552351
3.08002 0.0485132
3.09002 0.0417207
3.10002 0.0348619
3.11002 0.0279412
3.12002 0.0209631
3.13002 0.0139323
3.14002 0.00685381
3.15002 -0.00026751
3.16002 -0.00742634
3.17002 -0.0146175
3.18002 -0.0218354
3.19002 -0.0290746
3.20002 -0.0363289
3.21002 -0.0435924
3.22002 -0.0508594
3.23002 -0.0581234
3.24002 -0.0653777
3.25002 -0.0726161
3.26002 -0.0798318
3.27002 -0.0870177
3.28002 -0.0941669
3.29002 -0.101272
3.30002 -0.108327
3.31002 -0.115322
3.32002 -0.122252
3.33002 -0.129107
3.34002 -0.135881
3.35002 -0.142565
3.36002 -0.14915
3.37002 -0.15563
3.38002 -0.161994
3.39002 -0.168236
3.40002 -0.174345
3.41002 -0.180314
3.42002 -0.186133
3.43002 -0.191794
3.44002 -0.197287
3.45002 -0.202603
3.46002 -0.207734
3.47002 -0.212668
3.48002 -0.217398
3.49002 -0.221912
3.50002 -0.226203
3.51002 -0.23026
3.52002 -0.234072
3.53002 -0.237631
3.54002 -0.240927
3.55002 -0.243949
3.56002 -0.246688
3.57002 -0.249133
3.58002 -0.251274
3.59002 -0.253101
3.60002 -0.254605
3.61002 -0.255774
3.62002 -0.2566
3.63002 -0.257071
3.64002 -0.257178
3.65002 -0.25691
3.66002 -0.256258
3.67002 -0.255211
3.68002 -0.25376
3.69002 -0.251894
3.70002 -0.249604
3.71002 -0.24688
3.72002 -0.243713
3.73002 -0.240092
3.74002 -0.236009
3.75002 -0.231454
3.76002 -0.226418
3.77002 -0.220892
3.78002 -0.214866
3.79002 -0.208334
3.80002 -0.201285
3.81002 -0.193711
3.82002 -0.185605
3.83002 -0.176959
3.84002 -0.167765
3.85002 -0.158016
3.86002 -0.147704
3.87002 -0.136824
3.88002 -0.125367
3.89002 -0.113329
3.90002 -0.100704
3.91002 -0.0874855
3.92002 -0.0736692
3.93002 -0.0592504
3.94002 -0.0442247
3.95002 -0.0285884
3.96002 -0.012338
3.97002 0.0045292
3.98002 0.0220157
3.99002 0.0401234
4.00002 0.0588535
4.01002 0.0782074
4.02002 0.0981847
4.03002 0.118785
4.04002 0.140008
4.05002 0.161851
4.06002 0.184311
4.07002 0.207387
4.08002 0.231074
4.09002 0.255368
4.10002 0.280263
4.11002 0.305753
4.12002 0.331832
4.13002 0.358491
4.14002 0.385721
4.15002 0.413514
4.16002 0.441859
4.17002 0.470743
4.18002 0.500156
4.19002 0.530081
4.20002 0.560507
4.21002 0.591415
4.22002 0.622791
4.23002 0.654614
4.24002 0.686868
4.25002 0.71953
4.26002 0.752578
4.27002 0.785991
4.28002 0.819743
4.29002 0.853807
4.30002 0.888159
4.31002 0.922768
4.32002 0.957604
4.33002 0.992634
4.34002 1.02783
4.35002 1.06315
4.36002 1.09856
4.37002 1.13402
4.38002 1.16949
4.39002 1.20493
4.40002 1.2403
4.41003 1.27555
4.42003 1.31063
4.43003 1.34549
4.44003 1.38008
4.45003 1.41435
4.46003 1.44824
4.47003 1.48169
4.48003 1.51465
4.49003 1.54704
4.50003 1.57881
4.51003 1.60988
4.52003 1.64019
4.53003 1.66966
4.54003 1.69822
4.55003 1.7258
4.56003 1.7523
4.57003 1.77765
4.58003 1.80176
4.59003 1.82454
4.60003 1.84591
4.61003 1.86575
4.62003 1.88399
4.63003 1.90051
4.64003 1.91521
4.65003 1.92798
4.66003 1.93872
4.67003 1.94731
4.68003 1.95362
4.69003 1.95754
4.70003 1.95895
4.71003 1.95771
4.72003 1.95369
4.73003 1.94676
4.74003 1.93677
4.75003 1.92358
4.76003 1.90704
4.77003 1.887
4.78003 1.8633
4.79003 1.83578
4.80003 1.80427
4.81003 1.7686
4.82003 1.72861
4.83003 1.68409
4.84003 1.63489
4.85004 1.58079
4.86004 1.52161
4.87004 1.45715
4.88004 1.38721
4.89004 1.31156
4.90004 1.23001
4.91004 1.14232
4.92004 1.04828
4.93004 0.947638
4.94004 0.84017
4.95004 0.725628
4.96004 0.603763
4.97004 0.474318
4.98004 0.337031
4.99004 0.191634
