0 0
0.01 0.1
0.02 0.141421
0.03 0.173205
0.04 0.2
0.05 0.223607
0.06 0.244949
0.07 0.264575
0.08 0.282843
0.09 0.3
0.1 0.316228
0.11 0.331662
0.12 0.34641
0.13 0.360555
0.14 0.374166
0.15 0.387298
0.16 0.4
0.17 0.412311
0.18 0.424264
0.19 0.43589
0.2 0.447214
0.21 0.458258
0.22 0.469042
0.23 0.479583
0.24 0.489898
0.25 0.5
0.26 0.509902
0.27 0.519615
0.28 0.52915
0.29 0.538517
0.3 0.547723
0.31 0.556776
0.32 0.565685
0.33 0.574456
0.34 0.583095
0.35 0.591608
0.36 0.6
0.37 0.608276
0.38 0.616441
0.39 0.6245
0.4 0.632455
0.41 0.640312
0.42 0.648074
0.43 0.655744
0.44 0.663325
0.45 0.67082
0.46 0.678233
0.47 0.685565
0.48 0.69282
0.49 0.7
0.5 0.707107
0.51 0.714143
0.52 0.72111
0.53 0.728011
0.54 0.734847
0.55 0.74162
0.56 0.748331
0.57 0.754983
0.58 0.761577
0.59 0.768114
0.6 0.774597
0.61 0.781025
0.62 0.787401
0.63 0.793725
0.64 0.8
0.65 0.806226
0.66 0.812404
0.67 0.818535
0.68 0.824621
0.69 0.830662
0.7 0.83666
0.71 0.842615
0.72 0.848528
0.73 0.8544
0.74 0.860232
0.75 0.866025
0.76 0.87178
0.77 0.877496
0.78 0.883176
0.79 0.888819
0.8 0.894427
0.81 0.9
0.82 0.905538
0.83 0.911043
0.839999 0.916515
0.849999 0.921954
0.859999 0.927362
0.869999 0.932738
0.879999 0.938083
0.889999 0.943398
0.899999 0.948683
0.909999 0.953939
0.919999 0.959166
0.929999 0.964365
0.939999 0.969536
0.949999 0.974679
0.959999 0.979796
0.969999 0.984885
0.979999 0.989949
0.989999 0.994987
0.999999 1
